[{'protocol': 'loss_passing', 'trial_num': 3, 'experiment_name': 'QPSK_classic_and_decisiontree', 'bits_per_symbol': 2, 'train_SNR_db': 8.4, 'num_results': 21, 'test_SNR_dbs': [14.599999999999913, 12.999999999999918, 11.999999999999922, 10.399999999999928, 8.399999999999935, 4.1999999999999496], 'early_stop': False, 'early_stop_threshold_db_off': 1, 'batch_size': 32, 'num_agents': 1}
 {'test_SNR_dbs': [14.599999999999913, 12.999999999999918, 11.999999999999922, 10.399999999999928, 8.399999999999935, 4.1999999999999496], 'test_bers': [0.49967, 0.352995, 0.512865, 0.33229, 0.499675, 0.51049], 'test_sers': [0.74983, 0.55192, 0.74983, 0.64912, 0.74983, 0.75611], 'mod_std_1': [0.0, 0.0], 'constellation_1': array([[ 0.70710677,  0.70710677],
       [-0.70710677,  0.70710677],
       [ 0.70710677, -0.70710677],
       [-0.70710677, -0.70710677]], dtype=float32), 'demod_grid_1': array([1, 1, 1, ..., 0, 0, 0]), 'batches_sent': 1, 'db_off': [24.599999999999913, 15.399999999999945, 21.999999999999922, 12.199999999999957, 18.399999999999935, 14.19999999999995]}
 {'test_SNR_dbs': [14.599999999999913, 12.999999999999918, 11.999999999999922, 10.399999999999928, 8.399999999999935, 4.1999999999999496], 'test_bers': [0.50161, 0.50032, 0.471005, 0.45652, 0.5041, 0.509925], 'test_sers': [0.75, 0.74744, 0.68891, 0.74723, 0.75489, 0.75828], 'mod_std_1': [0.0, 0.0], 'constellation_1': array([[ 0.70710677,  0.70710677],
       [-0.70710677,  0.70710677],
       [ 0.70710677, -0.70710677],
       [-0.70710677, -0.70710677]], dtype=float32), 'demod_grid_1': array([1, 1, 1, ..., 0, 0, 0]), 'batches_sent': 41, 'db_off': [24.599999999999913, 22.99999999999992, 21.999999999999922, 18.799999999999933, 18.399999999999935, 14.19999999999995]}
 {'test_SNR_dbs': [14.599999999999913, 12.999999999999918, 11.999999999999922, 10.399999999999928, 8.399999999999935, 4.1999999999999496], 'test_bers': [0.38438, 0.568295, 0.487925, 0.501295, 0.50083, 0.66174], 'test_sers': [0.52768, 0.88764, 0.73733, 0.74981, 0.74913, 0.91161], 'mod_std_1': [0.0, 0.0], 'constellation_1': array([[ 0.70710677,  0.70710677],
       [-0.70710677,  0.70710677],
       [ 0.70710677, -0.70710677],
       [-0.70710677, -0.70710677]], dtype=float32), 'demod_grid_1': array([0, 0, 0, ..., 1, 1, 1]), 'batches_sent': 81, 'db_off': [18.399999999999935, 22.99999999999992, 21.999999999999922, 20.399999999999928, 18.399999999999935, 14.19999999999995]}
 {'test_SNR_dbs': [14.599999999999913, 12.999999999999918, 11.999999999999922, 10.399999999999928, 8.399999999999935, 4.1999999999999496], 'test_bers': [0.49891, 0.49964, 0.49891, 0.498905, 0.490055, 0.47756], 'test_sers': [0.74896, 0.74902, 0.74896, 0.74895, 0.74888, 0.74338], 'mod_std_1': [0.0, 0.0], 'constellation_1': array([[ 0.70710677,  0.70710677],
       [-0.70710677,  0.70710677],
       [ 0.70710677, -0.70710677],
       [-0.70710677, -0.70710677]], dtype=float32), 'demod_grid_1': array([1, 1, 1, ..., 1, 1, 1]), 'batches_sent': 121, 'db_off': [24.599999999999913, 22.99999999999992, 21.999999999999922, 20.399999999999928, 18.399999999999935, 14.19999999999995]}
 {'test_SNR_dbs': [14.599999999999913, 12.999999999999918, 11.999999999999922, 10.399999999999928, 8.399999999999935, 4.1999999999999496], 'test_bers': [0.50194, 0.50089, 0.53508, 0.48224, 0.423315, 0.481545], 'test_sers': [0.75263, 0.75064, 0.78508, 0.73314, 0.60644, 0.73224], 'mod_std_1': [0.0, 0.0], 'constellation_1': array([[ 0.70710677,  0.70710677],
       [-0.70710677,  0.70710677],
       [ 0.70710677, -0.70710677],
       [-0.70710677, -0.70710677]], dtype=float32), 'demod_grid_1': array([1, 1, 1, ..., 1, 1, 1]), 'batches_sent': 161, 'db_off': [24.599999999999913, 22.99999999999992, 21.999999999999922, 20.399999999999928, 14.19999999999995, 14.19999999999995]}
 {'test_SNR_dbs': [14.599999999999913, 12.999999999999918, 11.999999999999922, 10.399999999999928, 8.399999999999935, 4.1999999999999496], 'test_bers': [0.501805, 0.499425, 0.4492, 0.35767, 0.483625, 0.49431], 'test_sers': [0.75184, 0.7498, 0.65535, 0.60113, 0.71492, 0.74002], 'mod_std_1': [0.0, 0.0], 'constellation_1': array([[ 0.70710677,  0.70710677],
       [-0.70710677,  0.70710677],
       [ 0.70710677, -0.70710677],
       [-0.70710677, -0.70710677]], dtype=float32), 'demod_grid_1': array([0, 0, 0, ..., 1, 1, 1]), 'batches_sent': 201, 'db_off': [24.599999999999913, 22.99999999999992, 19.59999999999993, 12.799999999999955, 18.399999999999935, 14.19999999999995]}
 {'test_SNR_dbs': [14.599999999999913, 12.999999999999918, 11.999999999999922, 10.399999999999928, 8.399999999999935, 4.1999999999999496], 'test_bers': [0.499, 0.50033, 0.476245, 0.39783, 0.50032, 0.47966], 'test_sers': [0.74762, 0.75024, 0.70573, 0.72696, 0.75022, 0.70895], 'mod_std_1': [0.0, 0.0], 'constellation_1': array([[ 0.70710677,  0.70710677],
       [-0.70710677,  0.70710677],
       [ 0.70710677, -0.70710677],
       [-0.70710677, -0.70710677]], dtype=float32), 'demod_grid_1': array([1, 1, 1, ..., 0, 0, 0]), 'batches_sent': 241, 'db_off': [24.599999999999913, 22.99999999999992, 21.999999999999922, 14.799999999999947, 18.399999999999935, 14.19999999999995]}
 {'test_SNR_dbs': [14.599999999999913, 12.999999999999918, 11.999999999999922, 10.399999999999928, 8.399999999999935, 4.1999999999999496], 'test_bers': [0.250335, 0.49989, 0.374985, 0.29717, 0.50008, 0.37316], 'test_sers': [0.50067, 0.74986, 0.74985, 0.50167, 0.75011, 0.68376], 'mod_std_1': [0.0, 0.0], 'constellation_1': array([[ 0.70710677,  0.70710677],
       [-0.70710677,  0.70710677],
       [ 0.70710677, -0.70710677],
       [-0.70710677, -0.70710677]], dtype=float32), 'demod_grid_1': array([1, 1, 1, ..., 1, 1, 1]), 'batches_sent': 281, 'db_off': [13.99999999999995, 22.99999999999992, 15.399999999999945, 11.19999999999996, 18.399999999999935, 7.599999999999973]}
 {'test_SNR_dbs': [14.599999999999913, 12.999999999999918, 11.999999999999922, 10.399999999999928, 8.399999999999935, 4.1999999999999496], 'test_bers': [0.37543, 0.499615, 0.500285, 0.49926, 0.48918, 0.496685], 'test_sers': [0.7508, 0.7501, 0.7508, 0.74874, 0.74093, 0.74329], 'mod_std_1': [0.0, 0.0], 'constellation_1': array([[ 0.70710677,  0.70710677],
       [-0.70710677,  0.70710677],
       [ 0.70710677, -0.70710677],
       [-0.70710677, -0.70710677]], dtype=float32), 'demod_grid_1': array([1, 1, 1, ..., 1, 1, 1]), 'batches_sent': 321, 'db_off': [17.999999999999936, 22.99999999999992, 21.999999999999922, 20.399999999999928, 18.399999999999935, 14.19999999999995]}
 {'test_SNR_dbs': [14.599999999999913, 12.999999999999918, 11.999999999999922, 10.399999999999928, 8.399999999999935, 4.1999999999999496], 'test_bers': [0.58827, 0.50087, 0.50086, 0.500895, 0.500875, 0.501715], 'test_sers': [0.92504, 0.75077, 0.75077, 0.75077, 0.75078, 0.75076], 'mod_std_1': [0.0, 0.0], 'constellation_1': array([[ 0.70710677,  0.70710677],
       [-0.70710677,  0.70710677],
       [ 0.70710677, -0.70710677],
       [-0.70710677, -0.70710677]], dtype=float32), 'demod_grid_1': array([1, 1, 1, ..., 0, 0, 0]), 'batches_sent': 361, 'db_off': [24.599999999999913, 22.99999999999992, 21.999999999999922, 20.399999999999928, 18.399999999999935, 14.19999999999995]}
 {'test_SNR_dbs': [14.599999999999913, 12.999999999999918, 11.999999999999922, 10.399999999999928, 8.399999999999935, 4.1999999999999496], 'test_bers': [0.50121, 0.50121, 0.501205, 0.50116, 0.50127, 0.500955], 'test_sers': [0.75196, 0.75195, 0.75195, 0.75197, 0.75185, 0.75161], 'mod_std_1': [0.0, 0.0], 'constellation_1': array([[ 0.70710677,  0.70710677],
       [-0.70710677,  0.70710677],
       [ 0.70710677, -0.70710677],
       [-0.70710677, -0.70710677]], dtype=float32), 'demod_grid_1': array([0, 0, 0, ..., 1, 1, 1]), 'batches_sent': 401, 'db_off': [24.599999999999913, 22.99999999999992, 21.999999999999922, 20.399999999999928, 18.399999999999935, 14.19999999999995]}
 {'test_SNR_dbs': [14.599999999999913, 12.999999999999918, 11.999999999999922, 10.399999999999928, 8.399999999999935, 4.1999999999999496], 'test_bers': [0.45482, 0.56362, 0.54309, 0.49908, 0.498295, 0.49925], 'test_sers': [0.74861, 0.74652, 0.8368, 0.7492, 0.74759, 0.74901], 'mod_std_1': [0.0, 0.0], 'constellation_1': array([[ 0.70710677,  0.70710677],
       [-0.70710677,  0.70710677],
       [ 0.70710677, -0.70710677],
       [-0.70710677, -0.70710677]], dtype=float32), 'demod_grid_1': array([1, 1, 1, ..., 1, 1, 1]), 'batches_sent': 441, 'db_off': [22.99999999999992, 22.99999999999992, 21.999999999999922, 20.399999999999928, 18.399999999999935, 14.19999999999995]}
 {'test_SNR_dbs': [14.599999999999913, 12.999999999999918, 11.999999999999922, 10.399999999999928, 8.399999999999935, 4.1999999999999496], 'test_bers': [0.498085, 0.74094, 0.498085, 0.498085, 0.500515, 0.53031], 'test_sers': [0.74705, 0.98192, 0.74705, 0.74705, 0.75154, 0.7604], 'mod_std_1': [0.0, 0.0], 'constellation_1': array([[ 0.70710677,  0.70710677],
       [-0.70710677,  0.70710677],
       [ 0.70710677, -0.70710677],
       [-0.70710677, -0.70710677]], dtype=float32), 'demod_grid_1': array([0, 0, 0, ..., 1, 1, 1]), 'batches_sent': 481, 'db_off': [24.599999999999913, 22.99999999999992, 21.999999999999922, 20.399999999999928, 18.399999999999935, 14.19999999999995]}
 {'test_SNR_dbs': [14.599999999999913, 12.999999999999918, 11.999999999999922, 10.399999999999928, 8.399999999999935, 4.1999999999999496], 'test_bers': [0.49992, 0.48155, 0.575125, 0.52364, 0.499325, 0.49992], 'test_sers': [0.74986, 0.71312, 0.89947, 0.7973, 0.74989, 0.74986], 'mod_std_1': [0.0, 0.0], 'constellation_1': array([[ 0.70710677,  0.70710677],
       [-0.70710677,  0.70710677],
       [ 0.70710677, -0.70710677],
       [-0.70710677, -0.70710677]], dtype=float32), 'demod_grid_1': array([1, 1, 1, ..., 1, 1, 1]), 'batches_sent': 521, 'db_off': [24.599999999999913, 22.99999999999992, 21.999999999999922, 20.399999999999928, 18.399999999999935, 14.19999999999995]}
 {'test_SNR_dbs': [14.599999999999913, 12.999999999999918, 11.999999999999922, 10.399999999999928, 8.399999999999935, 4.1999999999999496], 'test_bers': [0.49978, 0.49981, 0.49985, 0.49989, 0.500825, 0.49604], 'test_sers': [0.75022, 0.75022, 0.75023, 0.75022, 0.75032, 0.74922], 'mod_std_1': [0.0, 0.0], 'constellation_1': array([[ 0.70710677,  0.70710677],
       [-0.70710677,  0.70710677],
       [ 0.70710677, -0.70710677],
       [-0.70710677, -0.70710677]], dtype=float32), 'demod_grid_1': array([1, 1, 1, ..., 1, 1, 1]), 'batches_sent': 561, 'db_off': [24.599999999999913, 22.99999999999992, 21.999999999999922, 20.399999999999928, 18.399999999999935, 14.19999999999995]}
 {'test_SNR_dbs': [14.599999999999913, 12.999999999999918, 11.999999999999922, 10.399999999999928, 8.399999999999935, 4.1999999999999496], 'test_bers': [0.500575, 0.499745, 0.513315, 0.496005, 0.487875, 0.492535], 'test_sers': [0.75086, 0.75049, 0.77613, 0.7432, 0.75661, 0.74764], 'mod_std_1': [0.0, 0.0], 'constellation_1': array([[ 0.70710677,  0.70710677],
       [-0.70710677,  0.70710677],
       [ 0.70710677, -0.70710677],
       [-0.70710677, -0.70710677]], dtype=float32), 'demod_grid_1': array([0, 0, 0, ..., 1, 1, 1]), 'batches_sent': 601, 'db_off': [24.599999999999913, 22.99999999999992, 21.999999999999922, 20.399999999999928, 18.399999999999935, 14.19999999999995]}
 {'test_SNR_dbs': [14.599999999999913, 12.999999999999918, 11.999999999999922, 10.399999999999928, 8.399999999999935, 4.1999999999999496], 'test_bers': [0.49912, 0.50231, 0.50232, 0.41939, 0.47882, 0.50811], 'test_sers': [0.75314, 0.75313, 0.75314, 0.5873, 0.70486, 0.75771], 'mod_std_1': [0.0, 0.0], 'constellation_1': array([[ 0.70710677,  0.70710677],
       [-0.70710677,  0.70710677],
       [ 0.70710677, -0.70710677],
       [-0.70710677, -0.70710677]], dtype=float32), 'demod_grid_1': array([1, 1, 1, ..., 0, 0, 0]), 'batches_sent': 641, 'db_off': [24.599999999999913, 22.99999999999992, 21.999999999999922, 15.799999999999944, 18.399999999999935, 14.19999999999995]}
 {'test_SNR_dbs': [14.599999999999913, 12.999999999999918, 11.999999999999922, 10.399999999999928, 8.399999999999935, 4.1999999999999496], 'test_bers': [0.498815, 0.49914, 0.498815, 0.49896, 0.498425, 0.644095], 'test_sers': [0.74864, 0.74894, 0.74864, 0.74867, 0.7489, 0.86123], 'mod_std_1': [0.0, 0.0], 'constellation_1': array([[ 0.70710677,  0.70710677],
       [-0.70710677,  0.70710677],
       [ 0.70710677, -0.70710677],
       [-0.70710677, -0.70710677]], dtype=float32), 'demod_grid_1': array([0, 0, 0, ..., 1, 1, 1]), 'batches_sent': 681, 'db_off': [24.599999999999913, 22.99999999999992, 21.999999999999922, 20.399999999999928, 18.399999999999935, 14.19999999999995]}
 {'test_SNR_dbs': [14.599999999999913, 12.999999999999918, 11.999999999999922, 10.399999999999928, 8.399999999999935, 4.1999999999999496], 'test_bers': [0.498485, 0.49816, 0.57004, 0.48931, 0.49799, 0.43439], 'test_sers': [0.74923, 0.74832, 0.78674, 0.72854, 0.7473, 0.6945], 'mod_std_1': [0.0, 0.0], 'constellation_1': array([[ 0.70710677,  0.70710677],
       [-0.70710677,  0.70710677],
       [ 0.70710677, -0.70710677],
       [-0.70710677, -0.70710677]], dtype=float32), 'demod_grid_1': array([1, 1, 1, ..., 0, 0, 0]), 'batches_sent': 721, 'db_off': [24.599999999999913, 22.99999999999992, 21.999999999999922, 20.399999999999928, 18.399999999999935, 10.599999999999962]}
 {'test_SNR_dbs': [14.599999999999913, 12.999999999999918, 11.999999999999922, 10.399999999999928, 8.399999999999935, 4.1999999999999496], 'test_bers': [0.501195, 0.496995, 0.63274, 0.522555, 0.501265, 0.50178], 'test_sers': [0.75049, 0.74661, 0.83367, 0.75005, 0.75077, 0.75145], 'mod_std_1': [0.0, 0.0], 'constellation_1': array([[ 0.70710677,  0.70710677],
       [-0.70710677,  0.70710677],
       [ 0.70710677, -0.70710677],
       [-0.70710677, -0.70710677]], dtype=float32), 'demod_grid_1': array([1, 1, 1, ..., 0, 0, 0]), 'batches_sent': 761, 'db_off': [24.599999999999913, 22.99999999999992, 21.999999999999922, 20.399999999999928, 18.399999999999935, 14.19999999999995]}
 {'test_SNR_dbs': [14.599999999999913, 12.999999999999918, 11.999999999999922, 10.399999999999928, 8.399999999999935, 4.1999999999999496], 'test_bers': [0.44846, 0.397595, 0.56843, 0.5003, 0.308785, 0.487435], 'test_sers': [0.83863, 0.54428, 0.75065, 0.75022, 0.55417, 0.73746], 'mod_std_1': [0.0, 0.0], 'constellation_1': array([[ 0.70710677,  0.70710677],
       [-0.70710677,  0.70710677],
       [ 0.70710677, -0.70710677],
       [-0.70710677, -0.70710677]], dtype=float32), 'demod_grid_1': array([1, 1, 1, ..., 0, 0, 0]), 'batches_sent': 800, 'db_off': [22.19999999999992, 17.399999999999938, 21.999999999999922, 20.399999999999928, 9.399999999999967, 14.19999999999995]}]
