[{'protocol': 'loss_passing', 'trial_num': 1, 'experiment_name': 'QPSK_neural_and_neural', 'bits_per_symbol': 2, 'train_SNR_db': 8.4, 'num_results': 17, 'test_SNR_dbs': [14.599999999999913, 12.999999999999918, 11.999999999999922, 10.399999999999928, 8.399999999999935, 4.1999999999999496], 'early_stop': True, 'early_stop_threshold_db_off': 1, 'batch_size': 32, 'num_agents': 1}
 {'test_SNR_dbs': [14.599999999999913, 12.999999999999918, 11.999999999999922, 10.399999999999928, 8.399999999999935, 4.1999999999999496], 'test_bers': [0.398625, 0.4183, 0.42865, 0.44492, 0.461235, 0.483065], 'test_sers': [0.63846, 0.66048, 0.67189, 0.69021, 0.70811, 0.73224], 'mod_std_1': array([0.30003187, 0.29996812], dtype=float32), 'constellation_1': array([[ 0.00789802,  0.01098292],
       [-0.10398318, -0.18032224],
       [-0.3425614 ,  0.01155797],
       [-0.40664625, -0.16079365]], dtype=float32), 'demod_grid_1': array([3, 3, 3, ..., 0, 0, 0]), 'batches_sent': 1, 'db_off': [18.999999999999932, 18.399999999999935, 17.999999999999936, 17.599999999999937, 17.19999999999994, 14.19999999999995]}
 {'test_SNR_dbs': [14.599999999999913, 12.999999999999918, 11.999999999999922, 10.399999999999928, 8.399999999999935, 4.1999999999999496], 'test_bers': [0.133285, 0.178195, 0.212235, 0.263855, 0.32582, 0.420685], 'test_sers': [0.25616, 0.33055, 0.38544, 0.464, 0.54993, 0.66502], 'mod_std_1': array([0.29965445, 0.2995696 ], dtype=float32), 'constellation_1': array([[ 0.00916286,  0.01643951],
       [-0.09297488, -0.3735943 ],
       [-0.5503325 ,  0.08204573],
       [-0.5885403 , -0.28082088]], dtype=float32), 'demod_grid_1': array([3, 3, 3, ..., 0, 0, 0]), 'batches_sent': 41, 'db_off': [11.19999999999996, 10.799999999999962, 10.599999999999962, 10.199999999999964, 9.999999999999964, 9.599999999999966]}
 {'test_SNR_dbs': [14.599999999999913, 12.999999999999918, 11.999999999999922, 10.399999999999928, 8.399999999999935, 4.1999999999999496], 'test_bers': [0.13667, 0.164845, 0.184705, 0.22063, 0.26786, 0.368285], 'test_sers': [0.26443, 0.3142, 0.34747, 0.40448, 0.47394, 0.60398], 'mod_std_1': array([0.29893053, 0.2991554 ], dtype=float32), 'constellation_1': array([[ 0.02714698,  0.01655081],
       [-0.07462041, -0.58281577],
       [-0.7375542 ,  0.14620642],
       [-0.7586436 , -0.41653022]], dtype=float32), 'demod_grid_1': array([3, 3, 3, ..., 0, 0, 0]), 'batches_sent': 81, 'db_off': [11.19999999999996, 10.399999999999963, 9.799999999999965, 9.199999999999967, 8.39999999999997, 7.199999999999974]}
 {'test_SNR_dbs': [14.599999999999913, 12.999999999999918, 11.999999999999922, 10.399999999999928, 8.399999999999935, 4.1999999999999496], 'test_bers': [0.00905, 0.021335, 0.034565, 0.06531, 0.125165, 0.27901], 'test_sers': [0.01809, 0.04257, 0.06847, 0.12757, 0.23608, 0.48103], 'mod_std_1': array([0.29850584, 0.29860565], dtype=float32), 'constellation_1': array([[ 0.03155533,  0.00915152],
       [-0.05082999, -0.81226295],
       [-0.92569   ,  0.1756072 ],
       [-0.90838605, -0.598815  ]], dtype=float32), 'demod_grid_1': array([3, 3, 3, ..., 0, 0, 0]), 'batches_sent': 121, 'db_off': [6.199999999999978, 5.59999999999998, 5.399999999999981, 4.999999999999982, 4.799999999999983, 4.399999999999984]}
 {'test_SNR_dbs': [14.599999999999913, 12.999999999999918, 11.999999999999922, 10.399999999999928, 8.399999999999935, 4.1999999999999496], 'test_bers': [0.00124, 0.00482, 0.00964, 0.02611, 0.06634, 0.216795], 'test_sers': [0.00248, 0.00963, 0.01924, 0.05168, 0.12846, 0.38614], 'mod_std_1': array([0.29807785, 0.29795408], dtype=float32), 'constellation_1': array([[ 0.03381936,  0.01577344],
       [-0.0939987 , -0.9972582 ],
       [-1.0801042 ,  0.17108528],
       [-1.088431  , -0.78136563]], dtype=float32), 'demod_grid_1': array([3, 3, 3, ..., 0, 0, 0]), 'batches_sent': 161, 'db_off': [4.399999999999984, 3.999999999999986, 3.599999999999987, 3.399999999999988, 2.9999999999999893, 2.9999999999999893]}
 {'test_SNR_dbs': [14.599999999999913, 12.999999999999918, 11.999999999999922, 10.399999999999928, 8.399999999999935, 4.1999999999999496], 'test_bers': [0.00236, 0.007825, 0.01443, 0.03218, 0.07172, 0.212265], 'test_sers': [0.00472, 0.01564, 0.02871, 0.06347, 0.13831, 0.37754], 'mod_std_1': array([0.29737735, 0.2973827 ], dtype=float32), 'constellation_1': array([[ 0.09336124,  0.05052536],
       [ 0.00383325, -1.0136127 ],
       [-1.0902401 ,  0.25761345],
       [-1.0644907 , -0.74889374]], dtype=float32), 'demod_grid_1': array([3, 3, 3, ..., 0, 0, 0]), 'batches_sent': 201, 'db_off': [4.799999999999983, 4.399999999999984, 4.199999999999985, 3.7999999999999865, 3.1999999999999886, 2.79999999999999]}
 {'test_SNR_dbs': [14.599999999999913, 12.999999999999918, 11.999999999999922, 10.399999999999928, 8.399999999999935, 4.1999999999999496], 'test_bers': [0.002675, 0.007015, 0.012015, 0.023985, 0.05511, 0.184325], 'test_sers': [0.00535, 0.01403, 0.02402, 0.04757, 0.10776, 0.33514], 'mod_std_1': array([0.29678133, 0.29679027], dtype=float32), 'constellation_1': array([[ 0.15566151,  0.08779417],
       [ 0.08799011, -1.0352969 ],
       [-1.0794107 ,  0.32521975],
       [-1.0325428 , -0.74258983]], dtype=float32), 'demod_grid_1': array([3, 3, 3, ..., 0, 0, 0]), 'batches_sent': 241, 'db_off': [4.999999999999982, 4.199999999999985, 3.999999999999986, 3.1999999999999886, 2.79999999999999, 1.999999999999993]}
 {'test_SNR_dbs': [14.599999999999913, 12.999999999999918, 11.999999999999922, 10.399999999999928, 8.399999999999935, 4.1999999999999496], 'test_bers': [0.000425, 0.00264, 0.006335, 0.02006, 0.05311, 0.18535], 'test_sers': [0.00084, 0.00524, 0.01252, 0.03875, 0.10114, 0.33289], 'mod_std_1': array([0.29617882, 0.29626477], dtype=float32), 'constellation_1': array([[ 0.21046768,  0.11551085],
       [ 0.11097781, -1.0652633 ],
       [-1.0218079 ,  0.337903  ],
       [-1.0066369 , -0.78972894]], dtype=float32), 'demod_grid_1': array([3, 3, 3, ..., 0, 0, 0]), 'batches_sent': 281, 'db_off': [3.599999999999987, 3.399999999999988, 3.1999999999999886, 2.9999999999999893, 2.5999999999999908, 1.999999999999993]}
 {'test_SNR_dbs': [14.599999999999913, 12.999999999999918, 11.999999999999922, 10.399999999999928, 8.399999999999935, 4.1999999999999496], 'test_bers': [5e-06, 0.00026, 0.000985, 0.005155, 0.024705, 0.15059], 'test_sers': [1e-05, 0.00052, 0.00196, 0.01017, 0.04795, 0.27428], 'mod_std_1': array([0.29560083, 0.29561585], dtype=float32), 'constellation_1': array([[ 0.28852814,  0.15250205],
       [ 0.20277801, -1.0850503 ],
       [-0.9888168 ,  0.42675695],
       [-0.96215075, -0.763672  ]], dtype=float32), 'demod_grid_1': array([3, 3, 3, ..., 0, 0, 0]), 'batches_sent': 321, 'db_off': [1.399999999999995, 1.5999999999999943, 1.5999999999999943, 1.399999999999995, 1.1999999999999957, 1.1999999999999957]}
 {'test_SNR_dbs': [14.599999999999913, 12.999999999999918, 11.999999999999922, 10.399999999999928, 8.399999999999935, 4.1999999999999496], 'test_bers': [0.0, 0.000125, 0.000485, 0.003725, 0.020375, 0.14257], 'test_sers': [0.0, 0.00025, 0.00095, 0.00731, 0.03924, 0.25925], 'mod_std_1': array([0.2952665 , 0.29512927], dtype=float32), 'constellation_1': array([[ 0.3480738 ,  0.16467468],
       [ 0.28811872, -1.138669  ],
       [-0.92411256,  0.46934858],
       [-0.8738076 , -0.79645133]], dtype=float32), 'demod_grid_1': array([3, 3, 3, ..., 0, 0, 0]), 'batches_sent': 361, 'db_off': [0.0, 1.1999999999999957, 0.9999999999999964, 0.9999999999999964, 0.9999999999999964, 0.9999999999999964]}
 {'test_SNR_dbs': [14.599999999999913, 12.999999999999918, 11.999999999999922, 10.399999999999928, 8.399999999999935, 4.1999999999999496], 'test_bers': [3e-05, 0.000355, 0.001195, 0.00563, 0.023895, 0.141365], 'test_sers': [6e-05, 0.00071, 0.00238, 0.01107, 0.04601, 0.25486], 'mod_std_1': array([0.29439187, 0.29441458], dtype=float32), 'constellation_1': array([[ 0.39656684,  0.21551241],
       [ 0.33960155, -1.100149  ],
       [-0.92448133,  0.5447066 ],
       [-0.87849635, -0.733888  ]], dtype=float32), 'demod_grid_1': array([3, 3, 3, ..., 0, 0, 0]), 'batches_sent': 401, 'db_off': [2.199999999999992, 1.7999999999999936, 1.5999999999999943, 1.399999999999995, 1.1999999999999957, 0.9999999999999964]}
 {'test_SNR_dbs': [14.599999999999913, 12.999999999999918, 11.999999999999922, 10.399999999999928, 8.399999999999935, 4.1999999999999496], 'test_bers': [0.0, 0.00014, 0.00034, 0.002615, 0.015705, 0.12548], 'test_sers': [0.0, 0.00028, 0.00068, 0.00519, 0.03061, 0.22959], 'mod_std_1': array([0.2937686 , 0.29384077], dtype=float32), 'constellation_1': array([[ 0.44912902,  0.25260007],
       [ 0.37715924, -1.0683376 ],
       [-0.91343796,  0.6226324 ],
       [-0.88921505, -0.661921  ]], dtype=float32), 'demod_grid_1': array([3, 3, 3, ..., 0, 0, 0]), 'batches_sent': 441, 'db_off': [0.0, 1.1999999999999957, 0.7999999999999972, 0.7999999999999972, 0.5999999999999979, 0.5999999999999979]}
 {'test_SNR_dbs': [14.599999999999913, 12.999999999999918, 11.999999999999922, 10.399999999999928, 8.399999999999935, 4.1999999999999496], 'test_bers': [1e-05, 0.0001, 0.000515, 0.00313, 0.01632, 0.123385], 'test_sers': [2e-05, 0.0002, 0.00103, 0.00619, 0.03183, 0.22695], 'mod_std_1': array([0.29319274, 0.29313952], dtype=float32), 'constellation_1': array([[ 0.4808892 ,  0.26736608],
       [ 0.41948822, -1.0916097 ],
       [-0.866223  ,  0.6426616 ],
       [-0.83524615, -0.68460673]], dtype=float32), 'demod_grid_1': array([3, 3, 3, ..., 0, 0, 0]), 'batches_sent': 481, 'db_off': [1.5999999999999943, 0.9999999999999964, 0.9999999999999964, 0.7999999999999972, 0.7999999999999972, 0.5999999999999979]}
 {'test_SNR_dbs': [14.599999999999913, 12.999999999999918, 11.999999999999922, 10.399999999999928, 8.399999999999935, 4.1999999999999496], 'test_bers': [5e-06, 0.000135, 0.00043, 0.00293, 0.01583, 0.120395], 'test_sers': [1e-05, 0.00027, 0.00086, 0.00584, 0.03067, 0.22058], 'mod_std_1': array([0.2927016, 0.2926604], dtype=float32), 'constellation_1': array([[ 0.5234024 ,  0.29273936],
       [ 0.5101768 , -1.0762047 ],
       [-0.84677744,  0.7141985 ],
       [-0.77538157, -0.62731874]], dtype=float32), 'demod_grid_1': array([3, 3, 3, ..., 0, 0, 0]), 'batches_sent': 521, 'db_off': [1.399999999999995, 1.1999999999999957, 0.9999999999999964, 0.7999999999999972, 0.5999999999999979, 0.3999999999999986]}
 {'test_SNR_dbs': [14.599999999999913, 12.999999999999918, 11.999999999999922, 10.399999999999928, 8.399999999999935, 4.1999999999999496], 'test_bers': [0.0, 0.00015, 0.000385, 0.002915, 0.015555, 0.11998], 'test_sers': [0.0, 0.0003, 0.00077, 0.00572, 0.03001, 0.21826], 'mod_std_1': array([0.29213393, 0.29200545], dtype=float32), 'constellation_1': array([[ 0.5376116 ,  0.33499223],
       [ 0.5344753 , -1.0279733 ],
       [-0.86068   ,  0.7333724 ],
       [-0.78578466, -0.59740317]], dtype=float32), 'demod_grid_1': array([3, 3, 3, ..., 0, 0, 0]), 'batches_sent': 561, 'db_off': [0.0, 1.399999999999995, 0.7999999999999972, 0.7999999999999972, 0.5999999999999979, 0.3999999999999986]}
 {'test_SNR_dbs': [14.599999999999913, 12.999999999999918, 11.999999999999922, 10.399999999999928, 8.399999999999935, 4.1999999999999496], 'test_bers': [8e-05, 0.00055, 0.00164, 0.0063, 0.02309, 0.123955], 'test_sers': [0.00016, 0.0011, 0.00328, 0.01256, 0.04552, 0.23221], 'mod_std_1': array([0.29168865, 0.2916129 ], dtype=float32), 'constellation_1': array([[ 0.5632436 ,  0.36107647],
       [ 0.55183125, -0.99166393],
       [-0.86124796,  0.7489046 ],
       [-0.7981912 , -0.569869  ]], dtype=float32), 'demod_grid_1': array([3, 3, 3, ..., 0, 0, 0]), 'batches_sent': 601, 'db_off': [2.5999999999999908, 2.199999999999992, 1.999999999999993, 1.5999999999999943, 1.1999999999999957, 0.5999999999999979]}
 {'test_SNR_dbs': [14.599999999999913, 12.999999999999918, 11.999999999999922, 10.399999999999928, 8.399999999999935, 4.1999999999999496], 'test_bers': [0.0, 6e-05, 0.000305, 0.002285, 0.01347, 0.11206], 'test_sers': [0.0, 0.00012, 0.00061, 0.00453, 0.02634, 0.20706], 'mod_std_1': array([0.2912482 , 0.29114804], dtype=float32), 'constellation_1': array([[ 0.58924013,  0.36947912],
       [ 0.5605226 , -1.0062938 ],
       [-0.8188431 ,  0.76118875],
       [-0.77399445, -0.58351475]], dtype=float32), 'demod_grid_1': array([3, 3, 3, ..., 0, 0, 0]), 'batches_sent': 641, 'db_off': [0.0, 0.7999999999999972, 0.7999999999999972, 0.5999999999999979, 0.3999999999999986, 0.1999999999999993]}]